0
0
0
0.01639
0.10131
0.16653
0.17172
0.19048
0.17951
0.21903
0.22344
0.24603
0.31329
0.30403
0.26198
0.34864
0.3345
0.38095
0.29843
0.34211
0.37178
0.41297
0.42409
0.46297
0.46165
0.37392
0.41744
0.46697
0.487
0.5156
0.49427
0.45929
0.46082
0.4924
0.47982
0.5298
0.54477
0.52564
0.5493
0.56201
0.54221
0.57244
0.56744
0.55764
0.56935
0.55689
0.5676
0.59161
0.56266
0.59183
0.56716
0.58046
0.56414
0.5896
0.58197
0.58389
0.5654
0.5974
0.58372
0.60577
0.55166
0.60621
0.5676
0.59064
0.57165
0.59489
0.59589
0.61728
0.5998
0.59062
0.59045
0.58564
0.61671
0.61257
0.62728
0.57528
0.5827
0.61653
0.57782
0.6146
0.61831
0.63991
0.62393
0.63985
0.64063
0.64098
0.63982
0.63554
0.64737
0.64217
0.63531
0.61836
0.61232
0.60868
0.6443
0.63917
0.63871
0.64601
0.65161
0.63106
0.63444
0.6418
0.63691
0.65445
0.63532
0.65214
0.65317
0.63991
0.62861
0.60634
0.58536
0.65284
0.67656
0.66468
0.6542
0.61654
0.66879
0.63505
0.62381
0.66833
0.64064
0.63985
0.64257
0.64918
0.6521
0.65951
0.64648
0.6579
0.64492
0.64599
0.6334
0.64971
0.63838
0.6264
0.65202
0.64727
0.63067
0.66545
0.68109
0.67633
0.67766
0.65847
0.63699
0.67486
0.64497
0.66997
0.68587
0.6622
0.64659
0.60578
0.61011
0.69148
0.67851
0.66786
0.64514
0.68518
0.65076
0.67616
0.68957
0.61869
0.64158
0.69019
0.68521
0.66925
0.67205
0.69186
0.66232
0.66033
0.62104
0.69696
0.62928
0.68108
0.66184
0.66349
0.68592
0.62612
0.67466
0.68127
0.66766
0.66149
0.67549
0.68624
0.66325
0.61638
0.65828
0.66376
0.68238
0.68464
0.66025
0.68623
0.66466
0.68126
0.68948
0.67829
0.67674
0.7056
0.68787
0.64085
0.67987
0.66201
0.6881
0.68017
0.69225
0.65222
0.67983
0.64837
0.68342
0.67613
0.70127
0.66709
0.65696
0.68295
0.6704
0.67358
0.66767
0.70484
0.68434
0.69048
0.63825
0.67069
0.67157
0.67922
0.66721
0.66803
0.67918
0.71463
0.68686
0.66362
0.70421
0.68433
0.69319
0.66571
0.69049
0.68641
0.66912
0.67417
0.68147
0.68177
0.69337
0.64775
0.66997
0.70336
0.65529
0.68577
0.68127
0.71219
0.65418
0.70213
0.69199
0.65084
0.67495
0.70145
0.68273
0.68843
0.69656
0.69459
0.70193
0.68207
0.70055
0.7017
0.70327
0.67509
0.67887
0.68498
0.67756
0.69203
0.70777
0.66942
0.69625
0.70219
0.68383
0.68367
0.68915
0.69515
0.68003
0.68414
0.71264
0.7043
0.69938
0.69804
0.67968
0.71854
0.69635
0.70134
0.70429
0.71483
0.71061
0.67214
0.69996
0.70169
0.70561
0.69058
0.70936
0.69309
0.69413
0.69048
0.70025
0.68714
0.6896
0.69321
0.69807
0.69226
0.67773
0.71211
0.70136
0.68679
0.70316
0.69014
0.67933
0.69777
0.71011
0.70906
0.69337
0.68369
0.69161
0.69035
0.69798
0.69014
0.70793
0.702
0.69808
0.70067
0.68032
0.68432
0.69204
0.69867
0.68999
0.70671
0.6912
0.6976
0.6839
0.71011
0.69298
0.68626
0.697
0.68803
0.70894
0.69351
0.68938
0.6851
0.66785
0.67087
0.68251
0.70101
0.69621
0.71246
0.69956
0.70919
0.70056
0.69205
0.68947
0.68371
0.69813
0.71687
0.70802
0.71835
0.6874
0.68843
0.69981
0.69947
0.687
0.68815
0.70262
0.70657
0.70018
0.68771
0.68612
0.69694
0.70765
0.70043
0.69046
0.69634
0.69372
0.69603
0.69703
0.69499
0.7014
0.7059
0.69421
0.68136
0.68113
0.69981
0.69337
0.6974
0.70434
0.70084
0.69137
0.69677
0.69665
0.70532
0.70535
0.69974
0.70358
0.69738
0.69342
0.69863
0.69863
0.69183
0.68618
0.68719
0.69616
