0.01807
0.19701
0.22706
0.34146
0.32465
0.37762
0.49342
0.48044
0.39638
0.59328
0.58667
0.60732
0.58226
0.65479
0.63011
0.63073
0.63872
0.66967
0.69595
0.68553
0.71664
0.62941
0.69888
0.72855
0.69137
0.71207
0.70619
0.71588
0.72597
0.6769
0.72826
0.75715
0.67356
0.71379
0.75063
0.7411
0.74456
0.72947
0.74681
0.76918
0.62126
0.605
0.76227
0.71075
0.76297
0.7447
0.76372
0.77569
0.78578
0.76443
0.78776
0.75168
0.78304
0.75843
0.77163
0.78171
0.77915
0.76717
0.7701
0.78132
0.77695
0.78194
0.73081
0.75428
0.78191
0.78494
0.7894
0.79164
0.78796
0.75896
0.76553
0.79221
0.76133
0.76046
0.79581
0.7791
0.76807
0.79339
0.79882
0.79554
0.78501
0.79277
0.78848
0.81601
0.73306
0.80766
0.78683
0.7789
0.78574
0.8097
0.8165
0.80403
0.79576
0.80676
0.81091
0.77897
0.80787
0.80371
0.79548
0.8004
0.81356
0.8037
0.77709
0.80107
0.80719
0.82106
0.79759
0.81625
0.79219
0.80893
0.81111
0.81921
0.82056
0.80563
0.80399
0.82198
0.81221
0.82248
0.811
0.80091
0.80407
0.8159
0.78085
0.82513
0.78443
0.83175
0.81606
0.8094
0.81598
0.81817
0.81155
0.81669
0.82348
0.8003
0.81475
0.81654
0.81673
0.80725
0.79694
0.79953
0.82858
0.80945
0.81399
0.79212
0.81523
0.80527
0.81297
0.81497
0.82777
0.82396
0.80756
0.78867
0.83975
0.81489
0.7978
0.80999
0.8178
0.81759
0.82229
0.82217
0.80849
0.79596
0.83561
0.80223
0.82115
0.83555
0.80501
0.8123
0.82552
0.82459
0.82154
0.78114
0.79951
0.82226
0.81947
0.81746
0.81328
0.80697
0.81055
0.81114
0.79753
0.82121
0.82847
0.83624
0.82665
0.79357
0.82586
0.83154
0.80956
0.83074
0.82658
0.82309
0.82099
0.80832
0.8232
0.83395
0.8147
0.82245
0.79725
0.81672
0.80771
0.80323
0.79478
0.82952
0.8332
0.81452
0.82078
0.82017
0.82715
0.82577
0.82008
0.82496
0.79324
0.82295
0.83527
0.81663
0.81624
0.83259
0.82905
0.81142
0.82366
0.82823
0.81543
0.8086
0.81328
0.81572
0.84149
0.81236
0.83248
0.82505
0.83531
0.80999
0.80453
0.82132
0.82695
0.82812
0.81661
0.82799
0.82651
0.84256
0.82806
0.80911
0.81124
0.81779
0.81686
0.81794
0.81528
0.82373
0.83069
0.81953
0.81392
0.8315
0.80956
0.82476
0.81492
0.79993
0.83006
0.81203
0.8224
0.82295
0.81503
0.82339
0.81707
0.81895
0.81193
0.80859
0.81961
0.80977
0.81343
0.8228
0.82945
0.82185
0.82412
0.81813
0.82307
0.81247
0.83252
0.82396
0.82669
0.82429
0.8113
0.82778
0.81101
0.82101
0.82376
0.82328
0.82106
0.81489
0.82542
0.8211
0.81325
0.8243
0.81625
0.80977
0.81801
0.82996
0.82022
0.81461
0.81769
0.82242
0.80405
0.82147
0.82854
0.8159
0.81222
0.81322
0.82329
0.81653
0.82218
0.82116
0.8255
0.81713
0.81771
0.82973
0.82362
0.82917
0.81637
0.81301
0.81718
0.82627
0.82539
0.82976
0.82026
0.82057
0.81812
0.81789
0.81741
0.82584
0.82305
0.82635
0.81335
0.81383
0.81534
0.81093
0.8218
0.82017
0.81108
0.82109
0.81595
0.81666
0.81823
0.81932
0.82395
0.82409
0.81077
0.82416
0.81966
0.82096
0.81693
0.82133
0.81827
0.81571
0.82555
0.82705
0.821
0.82251
0.82175
0.82419
0.82592
0.82025
0.81961
0.82482
0.82327
0.81596
0.82038
0.82336
0.82609
0.81991
0.82302
0.8207
0.82046
0.81896
0.82248
0.81549
0.82246
0.81882
0.82459
0.82228
0.82326
0.8227
0.81962
0.82506
0.82133
0.821
0.81908
0.82432
0.82163
0.819
0.82048
0.82219
0.81562
0.82192
0.82284
0.82218
0.81915
0.81985
0.81656
0.81656
0.81682
0.81588
0.81815
