0
0.00015167
0.00018816
0.00013866
0
0.0018865
0.017488
0.023332
0.078845
0.10003
0.096828
0.10106
0.12333
0.13602
0.14518
0.20406
0.1987
0.18812
0.19926
0.24926
0.17516
0.16995
0.21969
0.22105
0.25289
0.21948
0.2257
0.27
0.25521
0.28248
0.29167
0.28899
0.31585
0.29156
0.2839
0.27128
0.31935
0.30297
0.2942
0.29481
0.28164
0.30731
0.35035
0.32816
0.32131
0.33217
0.34852
0.35871
0.37784
0.36009
0.33571
0.32468
0.35768
0.36426
0.33265
0.36182
0.37656
0.35243
0.36058
0.37737
0.3676
0.3748
0.36285
0.42368
0.43088
0.39908
0.38826
0.37291
0.37742
0.40554
0.43097
0.4267
0.44327
0.43808
0.43094
0.42479
0.44788
0.44026
0.45387
0.46879
0.47967
0.47574
0.42674
0.47862
0.43262
0.46164
0.4487
0.48704
0.45301
0.48645
0.47406
0.42223
0.47414
0.43358
0.48502
0.49163
0.5277
0.47049
0.47527
0.45859
0.46555
0.48111
0.50633
0.48555
0.49993
0.46477
0.47646
0.55555
0.52358
0.46225
0.52602
0.46964
0.50986
0.49818
0.51972
0.51524
0.50179
0.49631
0.50558
0.50444
0.52755
0.51613
0.49668
0.49982
0.53786
0.53873
0.54226
0.51297
0.51957
0.5409
0.55348
0.54072
0.5152
0.5049
0.5488
0.5538
0.47936
0.54321
0.5041
0.51075
0.55979
0.56076
0.56658
0.57858
0.55556
0.55109
0.54679
0.55934
0.55211
0.54322
0.52814
0.51914
0.54397
0.60954
0.60441
0.56206
0.57049
0.57822
0.56587
0.57015
0.52568
0.55557
0.55521
0.56368
0.55518
0.57493
0.54172
0.55467
0.54935
0.50175
0.57727
0.56391
0.5724
0.54745
0.58977
0.5901
0.60361
0.56247
0.61326
0.59272
0.56089
0.61312
0.56713
0.60084
0.55031
0.52434
0.5617
0.56573
0.56419
0.60027
0.5582
0.59501
0.58487
0.59765
0.57137
0.59844
0.56811
0.55175
0.5544
0.61353
0.54468
0.53956
0.54177
0.56214
0.55152
0.54967
0.57261
0.57693
0.58971
0.54301
0.55217
0.55181
0.55134
0.54436
0.54004
0.56004
0.57479
0.59293
0.60818
0.61986
0.56002
0.53439
0.59336
0.55748
0.55707
0.54189
0.53984
0.56747
0.56865
0.582
0.58727
0.56471
0.57857
0.56295
0.55638
0.55886
0.5673
0.5675
0.56905
0.56726
0.58341
0.58742
0.51727
0.55623
0.56183
0.58888
0.57116
0.5672
0.55068
0.53812
0.59013
0.55567
0.53197
0.52229
0.57853
0.55457
0.56415
0.58456
0.58247
0.54387
0.56784
0.58019
0.56104
0.59061
0.57598
0.5976
0.55723
0.55594
0.54684
0.57704
0.57897
0.57175
0.56942
0.55082
0.56633
0.57773
0.56872
0.55912
0.55321
0.56807
0.56374
0.5436
0.55188
0.56048
0.56269
0.60385
0.57032
0.5699
0.5656
0.55155
0.56551
0.55551
0.5772
0.5668
0.57767
0.55868
0.56427
0.58082
0.58127
0.5877
0.57446
0.5454
0.55465
0.55492
0.57725
0.55723
0.5636
0.58617
0.55909
0.52039
0.53999
0.55398
0.56028
0.56455
0.55547
0.58701
0.5576
0.56256
0.57267
0.55262
0.5496
0.5546
0.55327
0.57111
0.57277
0.55928
0.56249
0.57416
0.57416
0.56881
0.55983
0.55708
0.56785
0.56611
0.56349
0.56692
0.56247
0.57309
0.5608
0.57098
0.58671
0.57499
0.57533
0.55752
0.56051
0.56721
0.58656
0.55816
0.56082
0.58666
0.56711
0.56928
0.57422
0.56476
0.58354
0.58057
0.56762
0.56459
0.55948
0.56654
0.56922
0.58219
0.57615
0.5523
0.5661
0.5684
0.57324
0.57875
0.57755
0.58198
0.56188
0.54916
0.56704
0.57143
0.5602
0.56323
0.55205
0.57766
0.5582
0.54945
0.55326
0.55643
0.55708
0.57156
0.57916
0.57813
0.57207
0.56713
0.57077
0.58911
0.56113
0.56982
0.57422
0.5758
0.55749
0.55967
0.55765
0.55308
0.55533
0.55704
0.55462