0.00055805
0.014885
0.035242
0.031822
0.14237
0.20291
0.14462
0.18621
0.23647
0.29479
0.29053
0.25865
0.30082
0.30925
0.32183
0.34153
0.37097
0.46017
0.47871
0.44224
0.48488
0.48146
0.4231
0.46872
0.48427
0.49666
0.49986
0.48422
0.49406
0.5147
0.49583
0.49211
0.44656
0.51221
0.50465
0.51502
0.51578
0.51916
0.45231
0.52272
0.52605
0.52787
0.52184
0.52883
0.51886
0.5325
0.52995
0.52885
0.53577
0.52434
0.52888
0.52889
0.53352
0.53896
0.53913
0.53276
0.54499
0.53111
0.52426
0.54318
0.53773
0.53763
0.54096
0.54169
0.53942
0.5363
0.53825
0.54703
0.54934
0.55309
0.54874
0.54497
0.54117
0.55337
0.55373
0.54353
0.54835
0.54893
0.56013
0.55743
0.55392
0.55896
0.55882
0.55634
0.56415
0.54984
0.56187
0.56891
0.55899
0.56336
0.55628
0.55468
0.56354
0.55652
0.56562
0.56417
0.55723
0.55842
0.55768
0.56428
0.56364
0.55973
0.55768
0.55323
0.56184
0.5647
0.56011
0.56286
0.56412
0.58902
0.58385
0.66095
0.67595
0.71
0.69532
0.7325
0.72757
0.69472
0.71417
0.72082
0.71027
0.75849
0.74111
0.76056
0.75309
0.76755
0.76541
0.75695
0.75185
0.76233
0.74657
0.76109
0.75649
0.7359
0.74753
0.80523
0.79765
0.78322
0.76977
0.78968
0.78945
0.78587
0.78324
0.76057
0.77861
0.76562
0.77698
0.7659
0.77349
0.78929
0.79603
0.78822
0.79417
0.77286
0.77818
0.76234
0.77076
0.7274
0.79605
0.79288
0.77974
0.76644
0.77685
0.7526
0.77121
0.76638
0.78566
0.79956
0.73708
0.7617
0.77709
0.74667
0.76075
0.77502
0.77428
0.7551
0.76191
0.76454
0.77422
0.77478
0.78047
0.79225
0.75654
0.76459
0.77491
0.79145
0.77167
0.76252
0.76513
0.76887
0.76023
0.76158
0.79296
0.78237
0.77877
0.77385
0.79045
0.79089
0.78116
0.77882
0.78979
0.779
0.78324
0.76065
0.77167
0.79653
0.78876
0.77636
0.7676
0.79711
0.77157
0.77057
0.76992
0.76569
0.77896
0.77257
0.77284
0.7544
0.76118
0.7509
0.7467
0.76453
0.76983
0.77235
0.76754
0.76701
0.76381
0.77136
0.76832
0.77626
0.77271
0.75751
0.77341
0.76537
0.76193
0.74574
0.76209
0.7746
0.77987
0.77827
0.77848
0.74309
0.75601
0.75831
0.77864
0.78978
0.78729
0.78646
0.77606
0.77744
0.76256
0.76698
0.78202
0.77034
0.78165
0.77608
0.78124
0.77512
0.76842
0.77101
0.7779
0.77257
0.77063
0.76607
0.76221
0.77025
0.76404
0.77971
0.77012
0.78202
0.78013
0.77465
0.79257
0.78316
0.78644
0.78389
0.7664
0.76999
0.7674
0.76568
0.773
0.77785
0.77342
0.77662
0.78183
0.78572
0.782
0.77122
0.77663
0.77541
0.7714
0.77161
0.75963
0.75735
0.77325
0.77674
0.77987
0.78167
0.77909
0.78659
0.7865
0.77935
0.78426
0.78502
0.77807
0.78093
0.78358
0.78786
0.77755
0.78178
0.77675
0.77339
0.78023
0.76615
0.78143
0.78276
0.78371
0.77446
0.77431
0.77431
0.77365
0.77381
0.77796
0.79577
0.79304
0.78536
0.77394
0.76897
0.7723
0.77964
0.77352
0.76864
0.77319
0.77528
0.77932
0.77957
0.77677
0.77891
0.78213
0.78317
0.78195
0.78731
0.78097
0.78039
0.77434
0.77979
0.77441
0.76854
0.77099
0.77654
0.7798
0.78359
0.78422
0.778
0.77762
0.7815
0.78244
0.78128
0.78338
0.77616
0.78272
0.78671
0.78551
0.7817
0.78152
0.78486
0.7859
0.78887
0.78413
0.7863
0.78274
0.78766
0.79076
0.78532
0.78399
0.78568
0.7909
0.78356
0.7886
0.78949
0.7917
0.79236
0.79231
0.79191
0.78421
0.78511
0.79034
0.7904
0.78861
0.79185
0.79059
0.79083
0.79197
0.7885
0.78816
0.78803
0.78982
0.79027
0.79108
0.78873
0.78843