0.0004036
0.00040906
0
0.0021051
0.013013
0.041418
0.057411
0.084147
0.14242
0.14938
0.12361
0.23351
0.19563
0.22333
0.29323
0.31001
0.29001
0.30226
0.31645
0.32096
0.36925
0.32862
0.35605
0.37825
0.36055
0.39523
0.38651
0.37024
0.43248
0.42165
0.46694
0.43181
0.44256
0.48302
0.51952
0.52112
0.48996
0.5671
0.58725
0.50575
0.54139
0.48926
0.52578
0.58331
0.44121
0.5755
0.52554
0.59169
0.64318
0.592
0.60454
0.61126
0.63482
0.60273
0.61748
0.61732
0.62485
0.65922
0.68083
0.63645
0.65766
0.67381
0.65586
0.63351
0.67546
0.66705
0.62146
0.65097
0.67423
0.67878
0.6768
0.66473
0.66559
0.69081
0.66259
0.66316
0.6587
0.67268
0.65297
0.64958
0.6435
0.59392
0.6567
0.69247
0.68324
0.63319
0.64363
0.61561
0.65749
0.66441
0.66064
0.67403
0.67709
0.69726
0.65727
0.67675
0.66916
0.65595
0.60443
0.71216
0.69459
0.68593
0.67681
0.67583
0.66295
0.65152
0.67476
0.65157
0.65686
0.69316
0.6596
0.67223
0.66286
0.68373
0.71258
0.72901
0.65814
0.6697
0.66245
0.67688
0.68141
0.67929
0.68618
0.6849
0.66881
0.66336
0.68357
0.68172
0.62349
0.70058
0.6868
0.68201
0.71169
0.69724
0.66679
0.67174
0.65685
0.67018
0.66547
0.65168
0.68232
0.65764
0.73512
0.71433
0.67489
0.69664
0.71067
0.71762
0.70597
0.69501
0.6963
0.64008
0.69123
0.69033
0.7146
0.7191
0.71019
0.70827
0.68474
0.6582
0.71297
0.67461
0.70725
0.70639
0.67442
0.69761
0.62925
0.72277
0.71794
0.71509
0.68214
0.70534
0.70352
0.68901
0.71549
0.70602
0.6838
0.69962
0.70034
0.71265
0.68132
0.6893
0.69566
0.71856
0.71081
0.70593
0.68861
0.69926
0.70074
0.68995
0.68806
0.70181
0.6813
0.68002
0.67468
0.67714
0.70591
0.69651
0.71784
0.72266
0.71245
0.70175
0.69958
0.71117
0.68652
0.6885
0.68727
0.6983
0.6799
0.71752
0.68374
0.69461
0.72156
0.71465
0.69417
0.69701
0.70504
0.71851
0.71056
0.69614
0.69685
0.70497
0.70787
0.69391
0.6961
0.71365
0.70648
0.7067
0.69793
0.68403
0.69075
0.70763
0.69376
0.69685
0.69799
0.69052
0.6911
0.67816
0.71952
0.72385
0.69533
0.68618
0.69007
0.71997
0.73811
0.70601
0.70407
0.68866
0.70435
0.71256
0.70768
0.6887
0.68631
0.68066
0.69483
0.70387
0.70033
0.70627
0.70164
0.69679
0.68214
0.67522
0.70028
0.70817
0.6923
0.6878
0.69099
0.69071
0.69171
0.69102
0.6929
0.69518
0.69287
0.68344
0.68313
0.69317
0.68957
0.70064
0.70398
0.70874
0.70378
0.69183
0.70198
0.69719
0.70068
0.69528
0.70018
0.71033
0.70428
0.6983
0.69839
0.70208
0.68731
0.68818
0.69895
0.69662
0.69979
0.68617
0.68187
0.69024
0.68383
0.68503
0.68103
0.70338
0.69108
0.68124
0.64988
0.67869
0.68409
0.68772
0.68583
0.70191
0.67989
0.70135
0.67825
0.68365
0.68175
0.69071
0.69283
0.69131
0.70527
0.70877
0.7139
0.71228
0.71278
0.70177
0.70462
0.70727
0.7089
0.70959
0.71869
0.7174
0.71394
0.70191
0.70359
0.69922
0.70903
0.71119
0.71866
0.7143
0.71105
0.70175
0.70677
0.69885
0.69105
0.69381
0.69309
0.69619
0.69494
0.68625
0.6868
0.69187
0.68896
0.68637
0.68698
0.68797
0.68937
0.68909
0.69025
0.68761
0.69352
0.68478
0.68876
0.68777
0.6869
0.68917
0.69478
0.70123
0.7079
0.7029
0.69564
0.69276
0.6818
0.68389
0.68992
0.69079
0.70424
0.70386
0.69692
0.68799
0.69712
0.69594
0.69271
0.69354
0.69592
0.69604
0.69721
0.69686
0.69633
0.69241
0.69151
0.69117
0.68804
0.688
0.68784
0.68667
0.6851
0.69057
0.68855
0.68719
0.68902