0
0
0.16023
0.1681
0.22333
0.21177
0.27749
0.33568
0.33875
0.39662
0.40334
0.43382
0.41828
0.47011
0.49468
0.51209
0.50206
0.56167
0.53259
0.58704
0.57158
0.6325
0.57012
0.63375
0.63727
0.62096
0.6037
0.68
0.66919
0.64935
0.58744
0.64821
0.66908
0.64742
0.67058
0.67119
0.59539
0.66413
0.68923
0.68865
0.69918
0.67963
0.66461
0.67751
0.72095
0.71709
0.66767
0.726
0.72
0.70351
0.70833
0.7181
0.6843
0.68512
0.72003
0.72712
0.71918
0.71074
0.69395
0.72188
0.70693
0.70153
0.72541
0.68851
0.6888
0.67437
0.73123
0.73528
0.71195
0.71243
0.69232
0.74453
0.74244
0.71287
0.69691
0.7412
0.73054
0.72822
0.73925
0.74431
0.7389
0.71475
0.73371
0.74178
0.72927
0.74706
0.74734
0.73212
0.7329
0.74457
0.74244
0.73969
0.75566
0.73147
0.75445
0.7665
0.75157
0.76605
0.73222
0.76423
0.74776
0.75889
0.76002
0.74215
0.76836
0.73725
0.74632
0.74294
0.7509
0.74832
0.74739
0.74701
0.73452
0.78233
0.76171
0.76382
0.77664
0.73781
0.78093
0.75686
0.75159
0.75807
0.7786
0.76438
0.76418
0.75083
0.77916
0.76186
0.76115
0.78299
0.75209
0.78093
0.77723
0.78282
0.77755
0.7779
0.77662
0.76912
0.76665
0.78904
0.75971
0.78451
0.77383
0.77313
0.75957
0.78741
0.77497
0.77246
0.78644
0.78131
0.77159
0.78816
0.77073
0.78025
0.78546
0.78566
0.78262
0.78077
0.74567
0.79025
0.79217
0.78517
0.78022
0.7935
0.78166
0.79105
0.78963
0.78057
0.79413
0.78661
0.7967
0.78857
0.76966
0.78521
0.77957
0.79029
0.79326
0.78829
0.79005
0.77149
0.7816
0.77694
0.79298
0.78109
0.79557
0.79579
0.79405
0.78416
0.79029
0.79985
0.7966
0.79116
0.80235
0.79133
0.78998
0.79108
0.80385
0.77211
0.79555
0.7934
0.78353
0.7985
0.79148
0.78257
0.78662
0.79314
0.80405
0.80713
0.78455
0.79127
0.77894
0.79104
0.78339
0.79064
0.79282
0.79042
0.78412
0.79721
0.8006
0.78319
0.79543
0.80072
0.79167
0.78989
0.79496
0.78235
0.79227
0.78876
0.78576
0.79912
0.79083
0.80035
0.78282
0.78497
0.79518
0.79951
0.7969
0.79335
0.79482
0.79872
0.78426
0.80105
0.7926
0.80035
0.79597
0.79851
0.79895
0.80159
0.79596
0.79824
0.79432
0.79639
0.79063
0.78638
0.79698
0.79241
0.80072
0.80035
0.78282
0.78497
0.79518
0.79951
0.7969
0.79335
0.79482
0.79872
0.78426
0.80105
0.7926
0.80035
0.79597
0.79851
0.79895
0.80159
0.79596
0.79824
0.79432
0.79639
0.79063
0.78638
0.79698
0.79241
0.80072
0.80019
0.79564
0.79861
0.80313
0.80067
0.78693
0.79432
0.79529
0.79531
0.79628
0.78372
0.80265
0.79105
0.79858
0.79681
0.79639
0.79895
0.80298
0.7929
0.7963
0.79913
0.78972
0.79458
0.799
0.79598
0.79526
0.79802
0.79418
0.79801
0.79345
0.80019
0.79564
0.79861
0.80313
0.80067
0.78693
0.79432
0.79529
0.79531
0.79628
0.78372
0.80265
0.79105
0.79858
0.79681
0.79639
0.79895
0.80298
0.7929
0.7963
0.79913
0.78972
0.79458
0.799
0.79598
0.79526
0.79802
0.79418
0.79801
0.79345
0.79608
0.79788
0.79324
0.79526
0.79708
0.79856
0.79477
0.79327
0.80035
0.78282
0.78497
0.79518
0.79951
0.7969
0.79335
0.79482
0.79872
0.78426
0.80105
0.7926
0.80035
0.79597
0.79851
0.79895
0.80159
0.79596
0.79824
0.79432
0.79639
0.79063
0.78638
0.79698
0.79241
0.80072
0.80019
0.79564
0.79861
0.80313
0.80067
0.78693
0.79432
0.79529
0.79531
0.79628
0.78372
0.80265
0.79105
0.79858
0.79681
0.79639
0.79895
0.80298
0.7929
0.79514
0.79883
0.79909
0.79774
0.79353
