0
0
0.10905
0.11285
0.18381
0.19531
0.25138
0.23318
0.24254
0.29804
0.31727
0.36729
0.38066
0.39965
0.44312
0.53246
0.50075
0.53415
0.54845
0.58233
0.61354
0.60682
0.63428
0.63215
0.60492
0.60938
0.60953
0.57883
0.61958
0.61727
0.61388
0.64112
0.64528
0.58247
0.66363
0.66511
0.65144
0.70937
0.62413
0.67498
0.68027
0.68771
0.68547
0.65785
0.62113
0.69021
0.70548
0.68891
0.72516
0.67534
0.69987
0.68249
0.70201
0.69323
0.72775
0.67787
0.71077
0.67022
0.70636
0.71083
0.71526
0.7329
0.71636
0.69901
0.73122
0.6957
0.71647
0.72176
0.72409
0.70831
0.72754
0.73173
0.69806
0.69664
0.75331
0.7352
0.72135
0.71626
0.7276
0.69041
0.64574
0.70309
0.67528
0.75528
0.72144
0.72003
0.73132
0.74659
0.73081
0.68904
0.7168
0.76507
0.75088
0.73928
0.74854
0.71493
0.69488
0.72962
0.73088
0.74808
0.74289
0.71148
0.73707
0.72996
0.71452
0.71517
0.76126
0.74356
0.77548
0.73834
0.77209
0.73495
0.73276
0.76263
0.72395
0.70566
0.75548
0.70801
0.71223
0.72773
0.7191
0.75034
0.76142
0.74619
0.7499
0.71217
0.71921
0.76716
0.78206
0.74846
0.74686
0.7732
0.75167
0.76976
0.71895
0.78167
0.75693
0.74805
0.75188
0.73766
0.73841
0.76444
0.7577
0.75652
0.74754
0.76096
0.77007
0.74636
0.74485
0.74047
0.79655
0.74437
0.76163
0.76871
0.75623
0.75784
0.78824
0.75852
0.76985
0.75623
0.78238
0.74464
0.74754
0.7229
0.77748
0.766
0.78929
0.77543
0.76387
0.76908
0.72962
0.78237
0.7585
0.75818
0.78153
0.75091
0.78361
0.74879
0.78531
0.77308
0.76381
0.7202
0.77666
0.77909
0.77698
0.72569
0.77096
0.78064
0.73537
0.72733
0.7661
0.76965
0.77921
0.74633
0.79531
0.76081
0.75115
0.77376
0.76738
0.78614
0.77939
0.76567
0.77793
0.75494
0.7863
0.74767
0.77202
0.73611
0.76822
0.77563
0.76732
0.77203
0.76643
0.78333
0.74171
0.77415
0.76794
0.77192
0.78991
0.74682
0.77061
0.79596
0.74266
0.78156
0.76587
0.77541
0.75682
0.77448
0.74999
0.7582
0.76452
0.75925
0.79002
0.7484
0.7708
0.75314
0.75805
0.78224
0.79691
0.7676
0.7811
0.74816
0.77168
0.77491
0.74078
0.76524
0.78057
0.78234
0.75943
0.79207
0.77689
0.7539
0.78271
0.77535
0.77635
0.78999
0.78156
0.77464
0.76297
0.77121
0.77894
0.76558
0.79177
0.77243
0.74506
0.76893
0.76516
0.77263
0.78033
0.79233
0.76744
0.77552
0.79458
0.77848
0.80334
0.75868
0.79366
0.78909
0.77029
0.79156
0.78593
0.76568
0.75579
0.79195
0.76534
0.78997
0.76599
0.78761
0.77984
0.77926
0.77327
0.78363
0.77212
0.78038
0.78265
0.7646
0.77337
0.78163
0.77355
0.775
0.79195
0.77246
0.77853
0.7737
0.78068
0.78635
0.77851
0.78177
0.78727
0.78466
0.775
0.77075
0.78779
0.7773
0.79099
0.77768
0.76332
0.7875
0.77709
0.76947
0.77654
0.76581
0.77832
0.77539
0.78864
0.77931
0.78788
0.78803
0.76633
0.76688
0.77346
0.76921
0.79146
0.77335
0.76951
0.78544
0.78366
0.77959
0.77603
0.78296
0.77904
0.78918
0.76508
0.76951
0.78447
0.7743
0.78498
0.77604
0.7779
0.78212
0.76811
0.77715
0.7702
0.7713
0.77409
0.78401
0.77103
0.7744
0.77289
0.78626
0.77769
0.78628
0.78803
0.77535
0.78059
0.78323
0.78473
0.78578
0.77672
0.78413
0.78595
0.77841
0.78643
0.78199
0.77204
0.77377
0.77463
0.77848
0.78086
0.77874
0.77992
0.77578
0.77885
0.78369
0.78168
0.78088
0.77653
0.77457
0.78535
0.77522
0.78268
0.79061
0.77967
0.78103
0.78447
0.78452
0.77574
0.78201
0.77728
0.78523
0.78135