0
0
0.00498
0.07821
0.14832
0.17936
0.21496
0.18815
0.24145
0.26962
0.28427
0.31818
0.34829
0.32537
0.39953
0.42248
0.39228
0.45837
0.45681
0.5107
0.55037
0.54343
0.55708
0.5909
0.60835
0.59892
0.60509
0.45965
0.55125
0.57512
0.58691
0.60342
0.59204
0.66098
0.5918
0.61577
0.63654
0.66556
0.62016
0.68653
0.68869
0.65905
0.69018
0.66245
0.64268
0.64243
0.66222
0.65572
0.70306
0.64876
0.69209
0.69322
0.6853
0.68866
0.67332
0.65243
0.65486
0.66899
0.66224
0.68058
0.7126
0.68613
0.687
0.71127
0.63181
0.7175
0.73484
0.69789
0.70812
0.69602
0.73526
0.71288
0.69097
0.70657
0.72858
0.72941
0.69174
0.74062
0.74042
0.72818
0.72152
0.70731
0.73233
0.7479
0.72135
0.7311
0.71036
0.70678
0.73822
0.72817
0.74169
0.71956
0.73043
0.72913
0.72172
0.74194
0.72361
0.71289
0.74697
0.74559
0.72355
0.72345
0.72919
0.7399
0.72473
0.7228
0.74268
0.71664
0.75172
0.72483
0.75746
0.72869
0.75065
0.73602
0.72473
0.7228
0.74268
0.71664
0.75172
0.72483
0.75746
0.72869
0.75065
0.73602
0.72473
0.7228
0.74268
0.71664
0.75172
0.72483
0.75746
0.72869
0.75065
0.73602
0.70304
0.70794
0.72437
0.731
0.72487
0.72883
0.72381
0.7561
0.7245
0.75219
0.73358
0.73234
0.74192
0.74478
0.74154
0.73394
0.75342
0.76123
0.76445
0.7559
0.73964
0.72812
0.74395
0.75658
0.74006
0.7539
0.76005
0.68475
0.74644
0.73404
0.74905
0.72942
0.73449
0.75098
0.74597
0.76896
0.76005
0.68475
0.74644
0.73404
0.74905
0.72942
0.73449
0.75098
0.74597
0.76896
0.76005
0.68475
0.74644
0.73404
0.74905
0.72942
0.73449
0.75098
0.74597
0.76896
0.78221
0.77729
0.76142
0.77192
0.77143
0.74383
0.75043
0.72462
0.77005
0.77859
0.76488
0.74329
0.74766
0.74554
0.76352
0.75812
0.74165
0.76311
0.76809
0.74981
0.71583
0.75361
0.77591
0.75539
0.76101
0.76316
0.74697
0.76786
0.77441
0.77433
0.77047
0.76536
0.76486
0.76558
0.78514
0.76481
0.74429
0.75139
0.77895
0.76701
0.77746
0.73432
0.77935
0.77868
0.75653
0.76873
0.75099
0.74753
0.75479
0.77238
0.75594
0.7509
0.76244
0.73226
0.78267
0.75437
0.75381
0.74409
0.7656
0.75979
0.75797
0.78371
0.76304
0.7505
0.7586
0.76998
0.75224
0.75568
0.76316
0.75186
0.77654
0.77354
0.75248
0.76155
0.77271
0.77591
0.73738
0.75706
0.7625
0.76989
0.75059
0.78004
0.77643
0.77489
0.77826
0.78003
0.76929
0.76772
0.79151
0.75197
0.77196
0.78604
0.77082
0.7556
0.75376
0.75825
0.7815
0.79197
0.75794
0.76512
0.74831
0.75669
0.78434
0.77177
0.75771
0.77559
0.76135
0.75821
0.76119
0.78041
0.75377
0.75973
0.74515
0.75709
0.76104
0.77497
0.75987
0.77422
0.77419
0.77137
0.77032
0.7726
0.77596
0.78298
0.76906
0.77324
0.77213
0.77839
0.76401
0.77928
0.77667
0.76538
0.77665
0.77118
0.77364
0.76746
0.76807
0.77546
0.76576
0.77679
0.79171
0.77737
0.78139
0.78901
0.78067
0.77942
0.79207
0.78471
0.78413
0.77546
0.76576
0.77679
0.79171
0.77737
0.78139
0.78901
0.78067
0.77942
0.79207
0.78471
0.78413
0.77546
0.76576
0.77679
0.79171
0.77737
0.78139
0.78901
0.78067
0.77942
0.79207
0.78471
0.78413
0.77546
0.76576
0.77679
0.79171
0.77737
0.78139
0.78901
0.78067
0.77942
0.79207
0.77546
0.76576
0.77679
0.79171
0.77737
0.78139
0.78901
0.78067
0.77942
0.79207
0.78471
0.77546
0.76576
0.77679
0.79171
0.77737
0.78139
0.78901
0.78067
0.77942
0.79207
0.78139
0.78901
0.78067
0.77942
0.79207
0.78413
0.78539