0
0
0.05854
0.10262
0.15085
0.17873
0.18383
0.20588
0.22076
0.23172
0.23374
0.27242
0.28324
0.28626
0.31004
0.31645
0.30674
0.32302
0.32324
0.34886
0.36492
0.34389
0.35329
0.37532
0.38244
0.38735
0.38955
0.41001
0.40565
0.36501
0.42169
0.42509
0.42841
0.44884
0.45199
0.45621
0.46173
0.44758
0.45916
0.47209
0.47302
0.46821
0.4762
0.47936
0.48997
0.48486
0.49189
0.49945
0.50134
0.50872
0.50753
0.51457
0.49799
0.50817
0.50776
0.51009
0.51275
0.5081
0.51597
0.5435
0.51417
0.5215
0.53389
0.53387
0.53629
0.53729
0.5393
0.53901
0.55482
0.54234
0.53921
0.5257
0.54496
0.57555
0.55354
0.5659
0.57057
0.5655
0.57106
0.56527
0.56257
0.56609
0.55813
0.5621
0.5747
0.56585
0.56584
0.56744
0.57952
0.59094
0.58638
0.58088
0.5534
0.57599
0.58627
0.57996
0.5785
0.58042
0.59113
0.58963
0.57856
0.58796
0.58892
0.58032
0.58599
0.56125
0.5991
0.56095
0.60443
0.57379
0.59129
0.59662
0.60463
0.58235
0.58117
0.59319
0.58559
0.57249
0.59366
0.57966
0.59675
0.58648
0.59197
0.60462
0.58209
0.57917
0.58925
0.60289
0.59661
0.60147
0.61264
0.6081
0.61031
0.60336
0.60071
0.61167
0.61538
0.60421
0.6107
0.60103
0.6039
0.61425
0.61966
0.61215
0.605
0.61514
0.60884
0.62198
0.60599
0.59702
0.62178
0.61344
0.60682
0.62196
0.60142
0.6187
0.61182
0.60979
0.63181
0.62295
0.60679
0.60596
0.61583
0.62145
0.63626
0.62335
0.61638
0.59507
0.6313
0.6218
0.60955
0.61853
0.62158
0.6265
0.60316
0.6285
0.62037
0.6074
0.63492
0.63202
0.59802
0.61499
0.61011
0.62379
0.63341
0.62361
0.62863
0.6242
0.62669
0.6265
0.61528
0.63093
0.60516
0.62394
0.63307
0.6356
0.62218
0.63549
0.61804
0.63776
0.64629
0.62831
0.62707
0.62066
0.64235
0.62815
0.63258
0.63654
0.62947
0.64883
0.63715
0.64537
0.62402
0.65162
0.64628
0.636
0.64011
0.65104
0.64347
0.62183
0.64115
0.63915
0.64604
0.64405
0.64621
0.63133
0.64269
0.64041
0.64331
0.62464
0.62918
0.64015
0.63305
0.64178
0.64323
0.63879
0.64274
0.64405
0.64621
0.63133
0.64269
0.64041
0.64331
0.62464
0.62918
0.64015
0.63305
0.64178
0.64323
0.63879
0.64274
0.64146
0.65045
0.6395
0.65147
0.64363
0.64571
0.64635
0.63562
0.6428
0.65423
0.6476
0.65356
0.63816
0.63069
0.63955
0.6549
0.62935
0.64447
0.65378
0.652
0.64629
0.64338
0.65345
0.64852
0.64098
0.65223
0.65391
0.64905
0.65229
0.64905
0.64555
0.65189
0.64228
0.65601
0.65313
0.64116
0.65487
0.6539
0.65026
0.65158
0.65084
0.64562
0.65191
0.64944
0.65212
0.64429
0.64898
0.6511
0.64837
0.64495
0.65404
0.64615
0.64586
0.65796
0.64121
0.638
0.6461
0.65189
0.6474
0.64901
0.65329
0.64708
0.64146
0.65045
0.6395
0.65147
0.64363
0.64571
0.64635
0.63562
0.6428
0.65423
0.6476
0.65356
0.63816
0.63069
0.63955
0.6549
0.62935
0.64447
0.65378
0.652
0.64629
0.64338
0.65345
0.64852
0.64098
0.65223
0.652
0.64629
0.64338
0.65345
0.64852
0.64098
0.65223
0.65391
0.64905
0.65229
0.64905
0.64555
0.65189
0.64228
0.65601
0.65313
0.64116
0.65487
0.6539
0.65026
0.65158
0.65084
0.64562
0.65191
0.64944
0.65212
0.64429
0.64898
0.6511
0.64837
0.64495
0.65404
0.64615
0.64586
0.65796
0.64121
0.638
0.6461
0.65189
0.6474
0.64901
0.652
0.64629
0.64338
0.65345
0.64852
0.64098
0.65223
0.65391
0.64905
0.65229
0.64905
0.64555
0.65189
0.6539
0.64905
0.64555
0.65189
0.6539
0.65026
0.64708
0.64227